3099799816
3091356015
3077113823
2399926512
3007166393
2393030500
2390289080
2396646301
3089623615
3074156710
3098425518
2706822640
3019042839
2394830486
2394033140
3240118419
2396701282
2393114734
3082006463
3085502610
3000057704
3008076737
3096288070
2392455016
2396562228
3002307197
3083068434
2396485540
2391803251
3265055668
3092362038
3087037017
2396258170
3096390506
3099871728
3072865520
3018418122
2392633763
3089252214
2396132667
3095641608
2390030200
3214064874
3096784120
3004004309
3084521635
2398708193
2394980493
3084152824
2394984868
2399643501
3264038590
2394300701
3014027804
3091360923
2391909939
3087855614
398706399
3092746524
2398442288
2390144620
2392429870
3070510436
3072962604
3075688719
2394378060
3002744353
3085327421
2391479540
3094105032
3077768490
2398877381
2392308925
3014413984
3081201378
3082032710
3098035711
3091550290
2391191800
3079077974
3246039520
2397785606
3095235835
3077109092
2390248300
3086675714
2390576981
3076645016
2397038100
3078562427
2396805462
2395132140
2398089160
2392622708
2390737160
3072972801
3088681012
2397670232
2397164459
3018042423
2399574512
2393044380
2395315541
2390788360
3085929536
2397038046
3007171920
2397963084
3009348498
2391028140
2397009060
2395108542
2395587420
3235014725
3089084595
3071300503
3088062397
2394223852
3291168802
2394216720
3091727530
2399268558
3010250177
2390377289
3082531329
3299217520
2396321992
3082360837
2393245841
2391282272
3241125853
2397798053
3090952134
2397610860
3217113160
2398006937
3078670511
2391074520
2390820146
3098011292
2394321524
3096094970
3082227801
3012587017
2393073800
3253153254
3009636891
3001671014
3008086251
2392533710
3079818137
3087909807
3070305694
2395503681
3258096258
3092831925
3096388424
3074689837
3088243694
2390564084
2397199721
2391311401
2390015724
3099816920
3009086120
2390456243
3094965914
3098638514
3241010112
3074955293
2395200083
2396793441
3009382528
3008204054
2399768201
2399706253
3075075499
3227009611
2395099792
3288106881
3096788265
3253020861
3071401211
3088603933
3081447881
3089258594
2390037985
3018012449
3099065100
3009046229
2398044958
2393613720
3210050329
3097199940
2395941781
2396692948
3081632024
3096462817
3006236357
3247039374
3098198989
3080799890
3092347009
3201134226
2395925228
3079118613
3270145797
3222235886
3260124718
3073607667
3092132120
3091956019
3205044990
3075323608
2392783360
3097301370
3081670718
3200376134
2398769180
2391163441
2390124401
3278070601
2390801791
2392418821
3098404117
3224011024
3223121679
3270025910
3274094171
3200269401
3071434515
2390151594
3088457917
3083667757
3296155464
2392920458
2390036101
3085945313
2392461781
2391832201
2399144200
3211177276
3088951494
3202062206
2393946158
2396233900
3097317103
2395882455
3070362683
2396010000
3091643334
3078438230
3095534127
3015791542
2398950951
3091968421
3001717537
2393624420
3290123537
3201472090
2395037120
3077511965
3077687436
3094570123
3242103785
2391828120
2391743779
3092129966
2393669420
3090488991
3235132791
2396431344
3277151408
2398903914
2398511778
3088848602
3014074066
3077708904
2397329463
3278324455
2392804211
3261005404
3005743884
2399461514
3089272602
3007237288
235104139
3084915786
2391505965
3078600040
3259098662
3010232619
3216115286
3016503913
3081064862
3078800899
3084996382
3261106341
3097957429
3239029151
3239036812
3018014408
3016134259
2390819760
3091558863
2390512236
3005034779
3281137906
3011180216
3008855083
2390621081
3096332775
2392437789
3014473814
3096029179
3015780609
3076154132
3003711742
2390559116
3206018608
3006102718
2394053606
3289299444
3280017222
3206135379
3090255358
3087243786
2394038020
3085549021
3269052605
3079499488
3092457690
3007117411
3086092522
3089830914
3081197541
3075835009
3071294706
3015125982
3099248339
2398687104
2393113714
3261037757
3265137113
3074473632
3089463275
3013624924
3096069758
3012169418
3238326761
2398866843
3071369900
2394992243
3070168107
3081192295
3092010821
3098156108
2397643099
3208132291
3081366679
3091865355
2395286281
3016477610
2395202840
3277009295
3095777341
3267077380
3090339388
3096031733
3099358900
3097716173
3082711172
2399810383
3083031130
3264181444
3239059100
2395602621
2390036532
3001035293
3200114057
3205145771
3016037117
2393920781
3079946137
3098081501
3099494847
3219032793
3200270241
3219122912
3098213427
2390034041
3009381614
3005136170
3086494638
3093447039
3078134126
3017096910
3096838376
2391180799
3083214114
3255196438
3008651491
3277091426
3075975838
3074120994
3086433720
3218015654
3225099732
3092639911
2398026402
3003220621
3290075910
3082998648
2393952051
2391235680
3229122372
3200224360
3006257789
2393247862
2397712090
2393588168
3078755011
3007036061
3018524368
3076446186
3016710438
3085002429
2398640540
3005203681
2396991864
3076584354
3091191353
3280084526
3251112805
3201146472
3079037303
3095922319
3099886705
3082079027
3093127198
3235203537
3075801540
3091630411
3093976355
3071805042
3096014191
3089834099
2390881865
3078567855
2393046939
3003706143
3002268269
3076295532
3266082864
2394853224
3092084195
3234074859
3086791039
3087246540
3200015356
2398525683
3200023743
3239015650
3002477388
3082081036
3289030851
3006202241
3097089011
3007323203
3016596124
3246109456
3081209597
3293093875
2399943612
2396941081
3070807345
3093938192
3076948365
3077199240
3206085932
3233292887
3001365451
3268180521
3082032400
3099731776
3239132931
3018584604
3294108193
3252181975
3011158298
3201062453
3098053433
3098314031
2393111509
3258110146
2395181288
3216050348
3243046982
3095850598
3071453827
3228100865
3247156340
3200051898
2396213938
3076700429
3236075476
3200424410
3083485318
3016267906
3075075093
3091538796
3078966529
3084362938
2394766424
3010259832
3004851843
3244111203
3075456023
2391125578
3237011746
3084243636
3012500818
3091162757
3232140780
3097400406
3091694104
2399589912
2397038760
3256061530
3092398804
3221107462
2397452758
3089373925
3096569148
3200028047
2394282003
3287084439
2393038440
3070458769
3204136896
3076470456
3015024919
3299118918
3083185571
2396221510
3081557782
3090614556
3244023285
2393222866
3218034880
2397057226
3202131703
3080210727
3001175798
3092872886
3200355060
3081161642
3257080216
3070896029
3092800366
3084381600
3203349131
2397902412
3240089140
3086859541
3098909777
2399506039
2392017762
3077938732
2393962910
3086424784
3204215278
3012149365
3267019427
2399430843
3086570730
3005135152
2394531880
2391308684
3013413352
3099206246
3200504493
3089483409
2399470927
3007837151
2392192166
3209261414
3076703453
2393137188
3096226253
3082796313
3091645538
3095945353
3070066279
3093014162
3089204122
3016348717
3090788434
3200430307
3260035880
3087186072
3099350716
3013624576
3090849225
2399755419
3246097420
3264112357
3086948018
3007050803
3275008507
3085160983
3238253215
2395666552
3080223946
3078590118
3280113533
3075046327
3072169543
3227248452
2397207060
3094077033
2392966993
3072913825
3008092749
3277044555
3070672532
2398172386
3211281657
3072006988
3090524117
3079650142
3011400009
3255091552
2398498782
3242248140
3002410099
2396594452
3081821903
2390098764
2391286493
3019328163
3289135275
2394904266
3098462749
3070637136
3273209749
2393318063
3093500786
2398613047
3095135249
3090147919
3221278660
3209189443
2394120359
3281072485
2393193503
3200417103
3076627360
3248163403
2394980191
3237248293
3093776499
3240038834
2399399743
2391453748
2399922875
3216076162
3004971158
3219283079
2397381145
3252271063
3074789512
3270073598
3097983715
2392282859
3072082696
3016545675
3016780943
3018884572
3247159034
3214269360
2391075576
2390385349
3001700839
3293011338
2398302548
3018755016
2390645123
3201030592
3011543582
3228235021
3093085024
2397735196
3003879739
2390159728
3095434281
3238141506
3013101205
2393721970
3078666207
3088205485
3099949519
2395985834
3228018486
3084144339
3088111249
3007641215
2390931954
2397852694
3200215703
3290024093
3008295116
3246070979
2397241595
3076378816
3087791310
3088482214
3094228492
3226012336
3001466673
2392279877
3224174618
2390846154
2392131977
2398989093
3252209657
3235014257
3008737678
3242195343
3015654350
3234212429
3010038912
3008183483
3089904906
2391573888
3278188558
3015616275
2394618485
3098491021
2391284327
3014169050
2390002421
3276033147
3001475743
3086080976
3248293204
3082756739
3282145581
3018363423
3280096597
3074132074
2399334170
2395103796
3010467875
3260015050
3012176361
2392280346
2393744484
3241111648
2390613756
3070346473
3014175584
3072944633
3087957482
3096047624
3092561148
3094753314
3015650723
3237004412
2396507433
3201046845
2399283223
3226005719
3272143425
3089533120
3258135910
3245051744
3286016770
3212319647
3098677025
3078485394
3285090588
3228086172
3000836923
2397229429
3015596477
3086842602
3078221904
2397011382
3255190406
2398146336
3005279960
3248174533
3016268436
3072140508
3286198886
3004506733
3229175120
3226245943
3078147464
2390590475
2395539133
3229176699
2399241198
3007659078
3095547771
3082982016
3234330519
3002798935
3009467867
3098136818
3070805121
3077016469
3085011524
3070057171
3271113936
3072801095
2391796643
3212262508
3090833424
2399813888
3205218261
3089616547
3089699623
3010588378
3204342906
3086974067
3206085240
2390406046
3091747194
3210023880
3087289327
3005579291
3289217075
3094142167
2395675538
3096428102
3001758669
2395215473
3286114078
2392290279
3076612926
3097841596
2392295207
3015311630
3014254886
3090728616
2391459646
3007027778
3217171184
3256005043
3288093704
2396963407
2396464983
3011003662
3005079825
2394458705
3004235209
3076028216
2397744880
3071892019
3260036319
2395838394
3016579686
2392412318
3203220868
2394230049
3266120619
2398727188
3094891787
3273272952
3095413594
3204035005
3221357284
3096120753
3270305379
3011265284
3292307556
3091422705
3016111932
3000057805
3019664640
3217281337
3201181918
3097966501
3082768771
3074592575
2392557216
2391403798
3007220945
3004004909
3213207948
2390518121
2394964220
3077251132
3000669597
3096568778
3209181345
2394178827
3001098177
3236132135
3075032186
3006211195
3223063530
3246063281
3000014525
2394341078
3082955482
3239126569
3010745302
2396489908
3298232932
3083034871
3012587806
3237047461
3292019891
3079765347
3081212772
3083763357
3201698653
3216149549
3011056346
3010480255
3201508674
3071092950
3205199403
3084417751
3280028242
3243276652
3089101318
3002139143
3005301660
3090005104
3003089004
3093876135
3291083195
3074811380
3016201613
3074731096
3008712071
3271012268
2399314638
3081187288
3257053634
3003557733
3080103908
3099823200
3090517958
3249290001
3074547720
3083910916
3003402445
3015740018
3073585171
3077382070
2397507675
3013373124
3095755666
3070740705
3000163210
3097051519
3211007297
3201382725
3080899217
3001107312
3096432362
3086106482
3094326083
3074918035
3078306038
3273274495
3093527068
2397685562
3002048350
2394372360
3082773770
3096332646
3075606141
3236064979
2390773776
3003233455
3094432701
3094484325
3007806532
3070884712
3243001727
3249099773
3075822370
3087980576
3286094275
2390399400
3074942595
3072285997
3262028729
3001107366
3012355657
3089407272
3092642324
3093929308
3074363974
3218267703
3080435458
3223054514
3014591372
3017489507
3268096709
2397762330
3282170361
3090102949
3267123704
3004053341
3204080307
3086567912
3015134957
3206038837
2390323397
3092107621
3018106489
2395436614
3099464423
3226161061
3086989121
3094835255
3275169191
3275188096
3207149582
3084964592
2398305611
3003144755
3018379096
3085706006
3016227752
3094636293
2395116685
3000394366
3080010216
3003301332
3006414283
3019541666
3273113503
3239239274
3008346768
3251070090
3083451350
3007793940
3076848118
3077702436
3203206685
3008165337
2395327333
2396838767
2396926850
2399534401
3073337260
3078980964
3095532232
3249062294
3212002702
2390876278
3007011991
2393368017
2393401424
3222053306
3205391515
3233426135
3263267358
2391351130
3003655462
3006397378
3008600419
3078776985
3278178826
3085100881
2396301332
3093830422
3238047951
3248042433
3287114160
3004376349
3019375222
3291146231
3202174238
3071258339
3205223222
2392881377
3010473283
3086827281
3088467730
3009472037
3274200971
2390447779
3083712802
3200690733
3237037125
3094239013
3211028684
2398820904
3093188266
2396498211
3070908211
3077179837
3089212117
3092135144
3098669905
3221126672
3080799804
3082369998
3095007461
3016277612
3079310953
3093381287
2394222015
3011008505
2392974688
3078864209
3004067245
2397986822
3015107411
2398390745
3016202622
3017269390
3288234924
3086534443
3200524300
3248263650
3004365016
3090236028
3238139603
3075240703
3096147039
3017361017
3081787487
3083210417
3240331058
3015801502
3081794491
3004885781
3071418592
3090575068
2394614938
3004601092
3014106495
3097739831
3202014563
3096502396
2390375010
2392132597
3083007927
3087383685
3245136459
2392099186
3222346852
3260201419
2392976585
3084369994
3249206266
2390359017
3265061408
3073563314
3296006301
3012357196
3076494931
3092164975
3257193312
2394905566
3087900066
3090362723
2399420308
3012177324
3014531716
3087095421
3096713516
3087746681
3015529282
3099637048
3234191884
3241133287
3098053036
3215174110
3245379895
3086422467
3091774814
3096034373
3217127184
3218189846
3076750260
3077557002
3078262026
3214071069
3258000654
2397244478
3071286171
3214115485
2394568451
3229002322
3007602316
3095706533
3230243814
3097537979
2399913784
3212059403
3013758480
3093852665
2398468868
2398524495
2399817308
2398277270
2399821783
3072104233
3015393919
3018339192
3094984471
3099159043
3237342007
2391319590
3007824639
3008107580
3011616237
3071148186
3221272956
2393499951
3007383542
3085449756
3211042555
3226009808
3294035938
3001235875
3223126387
3072160725
3099023205
3002007174
3099582283
3070653436
3292072509
3019115998
3081429253
3096079979
3221126783
2395814407
3259096176
2397862529
3018680833
3097887530
3210050012
3095976237
3281303786
3295007412
3071126683
3072384780
3269149138
3281141109
3284085966
3012712339
3018845058
3217016485
3080093561
3085974638
3087777427
3093209556
3224245749
3084870127
2395127920
2395237220
2392767715
2399033980
2391081020
2396119700
2395016492
2390746071
2396975542
3077874999
2393805420
2392453382
2399220930
2398328500
3091956019
2398688560
3264208151
2399331242
2390405280
3086632867
2395216080
3018076705
2393218222
2397069421
2394412606
2399162141
3099094482
2391746611
3271049966
2390619405
2394254813
3220139686
3091873737
2390018260
3081219132
2397096552
3077456005
2392341778
3082315303
3092609412
2394338661
2399217240
3006768040
2394553686
3085485472
3015687909
3003321184
2391246872
3093143937
3097824232
3093242507
3087065941
2391751600
3269052605
3017042234
3071981488
3083293381
2398180252
3277028068
2393496165
3097427395
3007671825
3099068604
2393398120
2391513321
2397773141
3081957874
3215070020
3079305405
2394489439
3016037117
2394274600
3097372253
2396990112
2391292300
3093447039
3097125145
2399114501
3003934744
2398454940
2391010975
2399404440
3072518517
3018524368
2395695881
2398486621
2399735921
2399522842
3070118328
2390479761
3293215538
3204138964
3088610083
3281291433
2397826061
3085290780
2399276620
2394235844
2392133960
3211014189
2390700594
3082717169
2393805091
3079312123
2399773461
2390191932
3221000510
2391715521
3292214808
2394829063
3080014885
3093249855
2398458661
3243126394
3097311759
3082722414
3070011735
3201230288
3099540383
2390160753
3083796524
2396469821
3016647254
3234180453
2398638881
3231275430
3080946752
3269094179
3088394805
2390823100
2395019335
2390141962
3211072914
3092892856
3097400406
2396118901
3083560916
2396814420
3079069352
3088885897
3081680513
2399830621
2390930084
3017245977
3097074698
3001087685
2393062222
3082426409
2398496282
3086059307
3094094971
3209135981
3010167026
3008873740
2392556860
3092800366
3083893237
2395739321
2394799331
3096012890
3093980818
3281332267
3210252720
2396293065
2392586880
3074922675
3076031315
3008522996
3214288304
3095600394
3072103335
3092403427
3012473585
2393792061
3242422311
3201066927
3088769892
2399307244
3098479335
2390794331
3091323737
3016006072
3005562907
2391196181
3070849900
2393463113
3279009753
3097686930
2398499561
3075259631
2393094861
3071621305
3003268760
3214046116
3073504856
2394055848
2390105442
3000533060
2390165781
3078714214
2397937241
2393042980
3237025789
3082130817
3232005807
3076627360
3070279305
3093776499
3070975417
3092874686
2396719481
3075944143
3088379957
2396595360
2390609901
2393791491
2394483601
3220211037
3014735439
3076321192
2397109812
2397480630
2392282859
3070364158
3219186742
3232190102
3000388718
3078497840
3221060132
2391610840
3219231204
3092841850
3096003144
2390015142
3095279643
3094788556
2397139932
3093416879
2391433920
3099436944
3001466673
3083913503
3079186224
2395049369
3233124400
2399589521
3006055823
3213021353
2394217720
2397789982
2394083917
3202214890
3098042859
2396283401
2396738493
3205005600
3096685503
3088630879
2392551426
2391993500
2395938403
2395535981
3089247262
3081765560
3010467875
3220162547
2393744484
3266015502
2393642343
2392800691
2397146720
3087691801
3240040103
2390163761
3289113518
3088313420
2394763784
3087087917
3226170195
3258043162
2392303721
3012383112
2390736273
2397162952
3239206493
2394838500
3080307846
2392656200
2397612053
3099521131
3004057229
2391111221
3200410756
3285047393
3005184518
3002404691
3003482179
3004190958
3266026279
3009467867
3095284741
3209134323
2392326380
2394443763
3098610116
3092387324
3015091792
2395796221
3233140606
3078509731
3215152770
2393157512
3277097365
3011765565
2390476189
2399194221
3012729830
3077167548
2397093658
2397834721
2390077440
3018766863
2391229402
3091747194
3248207604
3013749686
3077953153
3218240652
3273058713
3097841596
2390258933
3078878454
2397213200
3246058210
2394638981
3201214552
3071533177
3236176077
3000622078
3000675627
2398794861
2392923934
3077337843
3254095518
3271164244
2399843781
2397099122
3214200209
3091092450
3095202812
3084826996
3098534967
2393628534
2399120041
2396917462
3089277050
3096568778
3268212256
2394178827
3014043635
2391196515
2390874828
2396489908
3094760203
3238174042
3247178721
3264048310
3002776031
3249096564
3080357031
2393147361
3299068751
3092825900
3005732593
3085363968
2393222795
3209074931
2397488292
3269080158
3263279300
3008077376
2394248509
3205104214
2399933261
3223144319
3286057239
3071721115
3226050466
2394024041
3201144344
3003402445
3256329678
3229388975
3094813470
3084065979
2397580143
2393698971
3091194122
3241265325
3287175310
3011487571
3201382725
3092096084
3093484547
3088851813
3209252445
3013475355
3093656100
3255070710
2396281171
3099967149
3072209244
3223189857
3003195133
3003248236
3291057963
3075278077
3092119920
3226164810
2393538960
2399097822
3005656442
3015171630
3078016889
3254073080
2390152600
3094417074
3234287937
3077871831
2391925151
3019793411
2399172300
3212349607
2394477767
3234209940
3080218264
3006319364
3091845245
3220127672
3007795144
3097468613
3200702912
3229402663
3087686322
3252087595
3224228536
3090994733
3242128728
2391419728
2391655221
3088070096
3086190244
2390418122
3200275071
2392038040
3097819419
3080081112
3235008833
3072413922
3213094081
2392885861
3219067316
3201604391
3000394366
3015328272
3200778389
3234007950
3008417548
3088190918
3080918773
3261092219
3236031782
2393763615
3084879032
3221087959
3083415539
2395132088
3250021890
2391479761
3256181706
2397541293
2396291609
3006205080
3086300499
3088750060
3255167961
3095977688
2398757960
3213230293
3080848789
3000503349
3274007505
3011932448
3267161593
3076009682
3079569281
2392361920
3002826312
3231121960
2395037652
3001289116
3202078014
3004376349
2398347040
3098410447
3078633872
3250221451
3282215991
3084689535
3097701726
2398298720
2390158132
3244187332
2391199920
3074157340
3279334646
2392283754
3091941783
3095239043
3292100966
2390521292
3075560624
3088789839
3019808958
3200347217
3242044571
2398019742
3290088798
3205009759
2393595633
3226320752
3075035103
2395971241
2399484908
3019091316
3017164276
3016818953
2398774986
3231258578
3092656122
3004365016
3090888426
3217295945
3257215092
3081794491
3295116870
3090846444
3247052554
3095275027
2395651040
3218241794
3090575068
3002919999
3223208173
3280320564
3297306213
3074959279
3225015300
3097689700
3271234563
3255149399
3001304243
3213188267
3072675556
3205145256
3012357196
2392817803
3207232248
3017861257
2397321180
3201037101
3282065846
3265009098
3095798442
2397382960
3087746681
2390619196
3295160385
3223039398
3292230941
3001610385
3099750529
2399788384
2393008708
3075133632
2390986551
3098935513
2394832408
3202054546
3092943321
3099508550
3081070507
2395589957
3274007846
3097397676
3231381864
3229102691
3201556213
3081260842
3212439754
3095038636
3089807956
3085669138
3220219472
2392142133
2391029560
2390032020
3018034924
3002877801
3228020444
3251225713
3271339025
3243089765
3097975160
2395977410
3084108575
3072104233
3238000555
2392517714
3076072806
3270002462
3097508137
3253293977
3294009198
3001790138
2392081620
3072149345
3071776079
3098591267
3250314074
3203343710
3072704704
2398247321
3240007707
2397285120
3202137801
3234372593
3010513276
3084680634
2391589794
3080457939
3083581086
2390808380
2394623280
3072628531
2390610605
3289138634
2394331209
3079965004
2398374520
3224250225
3001599511
2391854091
2399276460
3085873570
3215153152
3281303675
3087777427
3074926888
3091987908
3003396271
3072569476
3094733765
2398780700
3093286595
3074441773
3017666038
3265109750
2394686784
3009778330
3091573112
3072781507
3014487103
2395660801
3008505863
3010651753
3281179130
3083574984
3072150023
3099837106
3089416278
2392145946
2394828437
3211089602
3016000829
3094178891
3266115539
3271024980
3256112932
3009199921
3017198841
2395013614
3072596235
3074161482
3210097320
3076506386
3001621005
2396906772
2393521104
2398030140
2398873494
2395274904
3016029721
3085354990
3202061897
3003039217
3205094034
3229351049
3075922862
3000180301
3090153560
3088798204
3071636360
3072228085
3094899523
3008312377
3201472853
3090763841
3200627627
2391303632
3085981835
3291101444
3091838330
3296154818
3086713436
2399373275
3091044924
3081222339
3201640996
3083494522
3073443693
3078632977
3017261018
3239283687
3074068476
3085022784
3247157557
3081821240
2395830184
3220138913
3001770403
3213129487
3081352373
3215236633
3078579529
3083897897
3000486250
3085016947
3073139303
3238027552
3224118826
3074728169
3286150190
3014305206
3269007050
3087672950
3210070063
2399037867
3284032059
3293066553
3079022192
3275057149
3265086280
3219068381
3295133931
2397305571
3096861147
2392155233
3092906063
2396386699
3083798323
3074158959
3084553533
3276047408
3007316161
3255112394
3206405204
3079812233
3271169847
3000261232
3076339528
3260199216
3008050907
2396794429
3013376903
3200193071
3281055299
3076792078
3242092528
3017328862
3210204688
3081853468
3071018992
3077505695
3232202983
3079445684
3234153122
3075890226
2390688338
3212040888
3295087220
3229130739
3297110510
3000606179
3297040114
3073737768
3208266628
3284095511
3093089585
3072188586
3018658083
2399001563
3258047497
3099344384
3099492968
3084313166
3286206086
3011035353
3012637391
3002083501
3263108996
3296211931
3078408200
3013248515
3011787285
3014557574
3232133735
3258273072
3289209652
3280009419
2398102435
3088327356
3089974015
3296129462
3269061411
3225105605
3228137044
3073535755
3017701664
3089744759
3013044096
3098728201
2391220643
3075103776
3231017650
2390440591
3007791126
3271173302
3218093911
3242118115
3290131345
3085349206
3008620629
3072401921
3091649255
3240045822
3275151790
3290047236
3292108128
3080124232
3097926448
2390772935
3239121791
3086379458
3242401539
3290059139
3088626196
3083117513
3265232968
3293117299
3084802654
3240210091
3290013771
3254112084
3097154165
3217093228
3246020359
3019601009
3220148234
3278070448
3006633877
3286100620
3097857353
3263121412
3248276274
3231047370
3098237337
3205349848
3221323991
3261077674
3239117806
3001743952
3274022090
3096570743
2393212416
3233141708
3079764800
3220239908
3232030290
2395192860
3077981257
3200573548
2393685593
3263112315
3084057188
3282011823
3090433242
3259222231
3003783586
3295080807
3006013846
3007781696
3094565431
3098446197
3082518077
2393395990
3098373306
3243002722
3080715856
2390946078
3214142573
3259211592
3014151957
3220342313
2399077124
3074642239
3221063178
3246104271
3007074540
3083453055
3244290426
3076642149
3242406397
3203255055
3205235482
3075443446
3206177591
3253219898
3074912848
3268047380
3086565548
3013718358
3077070344
3093632355
3228222455
3097625091
3222034672
3222058343
3086807299
3295111772
3285042783
3093910775
3215149025
3224134166
3269099309
3211128580
3215040800
3275164539
3233255974
3017487386
3007406842
3218235557
3221363199
3081564381
3017709913
3215147610
3088421296
3251109024
3231332148
3218280755
3013854868
3072367344
2395044787
3280136036
3288329389
3250184974
3274151116
2393203944
3227265162
3089777046
3218136729
3262090819
3218061015
3007717006
3248274088
3013632035
3225162359
3077396519
3081281740
3086469351
3258050958
3292068878
3248013120
3234364543
3239242778
3262096335
3000532859
3249057978
3013298458
3218322439
3283113684
3072722026
3210042162
3293136173
3249126358
3204055538
3270144550
3202266014
3221190342
3228337010
3291031339
3217149167
3018688354
3260074359
3287095160
3088982350
3011775053
3080968448
3200502744
3084368675
3086007753
3253173314
3220229164
3084965997
3096937378
3229156620
3017816875
3015672194
3263133698
3284023256
3243123668
3232240445
3019736210
3231143432
3237146314
3001943780
3071313119
3223123089
3003729265
3079847939
3078246527
3220120831
3005816375
3075838885
3210115743
3232275749
3283058094
3001741049
3019861359
3240087865
3080735057
3249390019
3094834359
3273140134
3285125698
2390080270
3206148762
3234030726
3252151091
3099596502
3240021449
3001948281
3018550532
3236004782
3076102656
3220129045
3201459498
3224206928
3232114860
3278143392
3298018804
3293128349
3097841457
3221105476
3078336211
3234208289
3010785983
3224205848
3298202478
3078309782
3272023547
3007529606
3256053356
3261292347
3093944853
3203407836
3264333154
3222270993
3228144432
3081427687
3084927947
3003939120
3237018681
3220284200
3249204937
3019650867
3081657827
3018150717
3262023564
3081328191
3229140139
3099601998
3070966603
2393977078
3071254136
3200526284
3072879341
3081848884
3237221811
3204138007
3251128784
3083368096
3083941045
3015103448
3085138252
3298149924
2392751185
2398974395
3230084221
3240328686
3019118436
3210328785
3072174331
3217113709
3098904284
2397731948
3242044037
3204013510
3295030711
3286059473
3076712496
3207328308
2393284907
3012470847
3007626419
3096608856
3212219854
2392741397
3013980686
3097955502
3225081110
3083481549
3245250635
3290021639
3006263787
3238128548
3007316353
3018671595
3086491880
3246159706
3018951279
3231083959
3099824847
3003187956
3091245762
3233356689
3012666267
3201851005
3238118855
3251201489
3297235247
3072339745
3087920113
3002680328
3070459687
3228380090
3221389328
2396851520
3200748292
3282299953
2394211390
3006733492
3071381925
3258058612
3281150696
3223235147
3226162394
3226389474
3073261458
3238110235
3257125899
3231184892
3208205909
3262184437
3078629157
2397552731
3277189518
3240373569
3235174017
3278076490
3096722258
3204150665
3272169221
3281145053
3290069599
3086886271
3208226729
3083784576
3220080981
3091142835
3097279753
3097725545
3273230399
3275194958
3074171141
3090087821
3265112334
3291040736
3262166878
3294159421
3001849949
3070817252
3092249419
3019935044
3232262996
3259109761
3013192492
3277206187
3214128701
3075919871
3231196813
3086320471
3091418366
3090882904
2396985664
3073748310
3292337970
3015074724
3243270586
3277155057
3296121627
3090274333
3207357999
3293212888
3081952101
3009270249
3081535743
3225031904
3080467259
3082774432
3085316726
3215347754
3004724915
3230167134
2392059716
3018885492
3091873440
3225370977
3232116263
2392120785
2390318521
3077219439
2399013180
2390417220
3070254818
3001505278
2395652723
3001594376
2399145059
3017198841
3014757150
2395525342
3283018474
3082242610
2393709693
2394311921
3075922862
2395031120
3075343348
2396504282
3077882374
3076136599
3079309606
3073038232
3090860985
2392142860
3083494522
3015063496
3078632977
3228126721
3006133825
3214173010
3071333893
3092589268
3076416376
3080615930
2391366960
2393813496
3079105996
3092187453
3284015540
3271073044
3212113929
3282003463
3262018552
3200618734
3016360279
3080178446
3242106133
3074786287
3085397759
3007561202
3210119382
3251030300
2391082120
3083208149
3072514701
3084286229
3230172805
3074149921
3250123687
3218236004
3074060431
3215111846
3019384773
3231136305
2396125120
2396816390
3087176550
3283040774
3278128328
3071631398
3095031873
3297082905
3094462458
3080970858
3298091607
3001410245
3200336317
3097433529
3229045063
3073472722
3238134960
2393281841
3003116000
3242134629
3013044096
3267276701
3091649255
3078370061
2391181340
3003615585
3209137300
3004537870
3010597043
3249057344
3013222901
3224076371
3082135985
3006089126
3072585509
3091402744
3256027925
3089979484
3017771689
3019658850
3096552756
3250143606
3096420546
3091052541
2399364736
3014748712
3290144805
3008384960
2394295782
2394123540
3231233622
2396087752
3206054802
3094798899
2395226250
2391656627
3075748994
3014104008
3237198584
3094565431
3071614890
3076547592
3231082271
3008747436
3242348330
2399530912
3255101054
3293036370
3098060917
3002686464
2394067807
3073840998
3010087358
3093152237
3209182787
3012522236
3225183588
3097966786
3073666553
3294012430
3010487365
3276226718
2392768240
3299156270
3259064004
3211145087
3227144124
3258140789
3019658416
3097341456
3007406842
3205210398
3076327829
3218280755
2394681461
3072367344
3273217913
3234116120
3279037202
3268079697
3240127607
3208043989
3299224160
3087237952
3092676611
3200739215
3242247590
3072411336
3015564839
3216426009
2394212660
3077725445
3004809471
3019869947
3243325126
3271299227
2390521241
3079872730
3006684372
3095431284
3088919158
3077676418
3074847451
3090411713
3003963068
3085310440
3204132627
3012729298
2392850995
3080802259
3268120490
2397187824
3081893731
3075933852
3260074359
3249055237
3006766523
2396675801
2391532001
3278304035
3002483694
3237229605
3083691453
3220260594
3225090477
3019299098
2391767565
3012800230
3001679754
3088965470
3256039390
3279085874
3248281550
3296109270
3014135637
3093922683
3004337571
3016208202
3096327163
3070597455
3089098459
3094039232
3245269322
3015672194
3287221523
3083880625
3226147962
2397644632
3085762043
3238203937
3207008717
3293074982
3244329325
3215076667
3078246527
3217105009
3224140200
3217390691
3286080905
3256078926
2396585196
3260087807
3287131285
2394707699
3212280528
3218019544
3071619287
3243165473
3084674704
3214164624
3233026893
3091139085
3202154889
3284135266
3014803051
3266051660
3082203458
3220129045
3015202954
3001624539
3271068144
2397798420
3224072510
3297071683
3221105476
3202007770
3074099049
3203087417
3003795034
3016198435
3216209099
3092413254
3019872056
3076458301
3278278272
2394640361
3289319031
3070625256
3212053417
3277278067
3231429893
3233060781
2395922915
3087694855
3296044185
3091250324
3001841975
3072566052
3072845702
3084478877
3236293987
3004765274
3012728194
3009066357
3096981760
3019650867
3097042917
3087338508
3264056415
3003779359
3202035456
3219078433
3202065772
3250304426
2391768904
3239071311
3081168840
3007561722
3093113799
3076660342
3294131154
3006619851
3099952496
3285221638
3005258241
3228127763
3007958368
3203106433
3080394511
3082630063
3262072168
3099395055
3249265614
3270051549
3264071911
3086920590
3016936756
3273296406
3220294410
3205008625
3240413582
3261122341
3222116386
3294227668
3224057960
3088045151
3222114726
3220078318
3076712496
3251210867
3007328321
3079475551
3239254765
3002491987
3250092651
3215082209
3077824143
3218132297
3010935267
3089287640
3274093367
3218014758
3268229163
3095821654
3078594864
3074769247
3238128548
3007316353
3076351184
3246052516
3086491880
3290025329
3077014821
3270061121
2396029324
3260040011
3097976781
3299138038
3205135303
3001390876
3073551823
2392266129
3236296026
3086048821
3009073051
3214053743
3073020776
3253224289
3214323769
3086551395
2397518351
3254129046
3256141648
3015521648
3010784712
3233153098
3086630946
2396488386
3219402359
3217366112
3261105519
2396433767
3284309984
3002646627
2396743480
3209378778
3089345938
3072934810
3074072362
3009696706
3295161727
3288008713
3014074903
3216097729
3210154268
3224158538
3000725272
3016522926
2393946067
3004714757
3017103942
3271125452
3262340960
3234115486
3242198120
3226060136
3241089914
3235197041
3281055787
3270086956
3218381407
3006595646
3253283351
3076069965
3081904755
3228214848
3225186692
3013052397
3011093326
3220057141
3000720025
3010662562
3259069719
3252055321
3000057099
3018879497
3203110036
2391281967
3272100918
3084978248
3208190709
3211220630
3098690558
3279137488
3288112600
3227077791
3290138930
2390391481
3263028908
3007498851
2390477815
3071132346
3084211460
3014299685
2391013869
3082649750
3209225792
3212046577
3074377154
3238330279
3271083684
3231110001
3086512169
3081535743
3095424559
2396078141
3010086314
3258029270
2394488720
3096478094
3260060856
3235166987
3002662808
3008334728
3261223118
3001022934
3267117083
3092336228
2394222520
3083464305
2398976114
2392429120
3090033608
3094062026
2392174065
2391246160
2391007477
2399881464
2398698360
2392550665
3207281464
3257035252
2395126699
3085320675
3019025820
2393370889
3251222666
3233198581
2391357936
3070784238
2391238397
3099808335
3099087763
3095351864
3224149271
2397087234
2395032441
2392648360
2398976114
2392569077
2398141292
2393026880
3070606333
3084738332
3099507224
2390003640
3092814387
3084674704
3224149271
3233153098
3079908854
2392172960
3077398821
3009074063
3272216855
2395032441
3093570005
3096170179
3095105314
3075304912
2398229909
3018410040
3079045921
3070709406
3095674622
3077146472
3092671827
2399232027
3250136581
3070709506
3077670828
3087624301
3091157201
3088678434
3099707208
3099068032
3004116219
3085206628
2391721654
3217093228
3004116949
2396364488
3078115981
3099034982
2399783909
2391357936
3013544135
3226169448
3099808335
3008035418
3297138968
3280071116
3073185811
3099398547
2396776229
2393517176
3244285882
3075746113
3095105314
3075304912
3094374704
2393176277
2392291440
3093376718
3073692536
2397139620
3086142005
2395134482
2391342136
2395525342
3074942330
2397146780
2398191972
2393125389
2392817941
3090378505
3084296019
3092257724
3286118274
2391721654
3004116949
2395435220
2399364736
2395290602
2399652782
3074085924
2396107872
3073840998
3099034982
2399783909
3003920381
2399478486
3074547395
2393209540
3018782726
3013239655
3076792574
3000207277
3201453407
3008035418
3207169085
2396101740
3280071116
3088043204
3013682486
3087232813
3077040149
3201285068
2395845664
3011236526
3072781507
3082271073
2394405738
2392256540
2396798051
2393235302
2397035620
3087351129
3006172979
3000677950
3018188227
2390640479
2399062800
3093188638
2394013538
3079927823
3014226029
3299220676
3073890138
3267044188
3231145259
3092246019
2391499085
2392417652
3073042166
3005239407
3240011673
3265043439
2393650956
3093125911
3078893115
3084917098
3071674316
2391220643
3239197766
3077199300
3081842196
3004546280
2395707405
3228288345
3084704710
3099090210
3000847617
3224220931
3011932254
3200557544
3089446222
3074727253
3264039306
2397982454
3005773266
2393062421
3009255009
3081059991
2392306516
3074436847
2395168840
3014279385
2399041232
3095290080
3293171759
3078771000
3078471238
3009590664
2395748360
3099285101
3094370736
3080056834
2395342917
3251039466
2395115647
3085060129
3299156270
3088149520
2394257512
3206274289
3097355524
3013480853
2397307104
3094135871
3218221678
3089331207
3093925312
2396893002
3093619428
2392016954
3204201179
3283180654
2390794716
3094016511
2396310782
2396535565
3085035972
3081064667
3088109239
3080907210
2391329740
3016343104
2398067200
3096277876
3211117916
3094733765
2394158708
2396080906
2391405900
2398150326
3001308837
2397333142
3095495035
3283009148
2395299390
3074304237
3090462001
3015662916
3079898030
3090808711
2394967960
3099446324
2396050108
3074422872
3010255670
3080680208
3073637430
3283016586
3072018394
3000420003
3083424602
2392852234
3008931227
3017666038
3079216848
3208106695
3087596637
3087546374
3093114498
3006202896
3201381735
2396167821
3254152711
3098536180
3227188820
3002100449
3007095659
3092336228
3093620127
3083464305
2392685684
3298132503
2390268182
3014227584
3225000192
2394382646
3226016397
2398976114
3092226520
3287041393
3081371915
3262051538
3096641020
3083683128
2392429120
3232104922
2398866463
3003079387
3080477781
2391509944
3015801758
3227043410
3097595339
2390281720
3018030390
2397859983
2393185532
3260060188
3004104766
3097502648
2395427654
3094971239
2398401133
3074832815
3078942537
3075323401
3086357960
3004735833
3093130406
3226114531
3094062026
3094547100
3012290414
2395516809
3081539254
2391912693
3221104609
3209100129
2397842153
2396764625
3096987159
2392717026
3099017129
3094825934
3256112932
3073485616
3284235202
3017010827
3092124478
3221207127
2392538364
3079601528
2391957521
3071845147
2396317037
3073189812
2397869916
3017198841
3098382564
3247002019
3072760884
3218280821
3018536297
3084590116
3001567959
2394018880
3098662802
3016303322
3213113503
3001288305
3072715345
2397425743
3091684115
3221026906
3209101374
2399288140
2397410250
3285068318
3080905402
3252229261
3016738393
3248107411
3013048797
3006328151
3085711708
3080966615
3243101469
3229250126
3088137408
2390299400
3017820506
3201288635
3011570331
3243111168
3080939725
3092456746
3083173730
3202002762
3085101141
2398030140
3014336453
3209129653
3072182567
3089563714
3226118229
3248096135
3087624301
2393630199
3285085650
3234106847
3072635278
3274172809
3092199133
3276007830
3202061897
3232107685
3238156426
3096343348
3078307731
3070718320
2391580074
3214106192
3005770949
2399300147
2392366768
3078882173
3071215243
3078838100
3204196260
3093843625
3075922862
2392750656
3084051779
3085699539
2391092291
3018723307
3091567241
3282005224
3091277325
2393275625
2393244176
3295022019
3017494056
3093071841
3097567916
2398459313
3011803013
3293007121
3081535515
3085981835
3268028530
3224289000
3091391048
3094226610
3015278471
3093185847
3283106954
3013196719
2392550665
2396959284
2398224775
2392888747
3204129386
3007490142
2391725460
3014226029
3074752625
3297095478
3086713436
3074316111
3002017652
3251108854
3266131294
3083574155
3077081580
3082147187
2392778939
3086509147
3237186728
3011014809
3017670052
3083494522
2399934685
3287089721
3218013693
3097245406
2397972722
3091502757
3249166764
3097287922
3081223908
3017261018
3085481583
3012473911
3085452508
3299006079
3268120281
3207281464
3092758307
3080717243
3088444902
3092159823
2394139026
3086532362
3099707208
3095564842
3084569274
3017087816
3088190355
3084835006
3090258369
3202101640
3083897897
3099466330
3203107328
2395874194
3019310247
3210063453
3074699407
3072934024
3259089252
3002111957
2392944463
3070690118
2391499085
3012565954
2390701915
3015010051
3210070063
2399037867
2395536622
3299029211
3201515462
3286159722
3098393432
3087327186
3220234129
3219068381
3098386034
2390381273
3097161931
3207142407
3082743260
3215131672
3007550267
3265059618
3244127443
3297088283
3008087243
3080570744
3009015292
3007316161
3094629479
2398103946
3269051705
3088653958
3277089604
3275185400
2392832581
3005825624
3073099568
3265163596
2395126699
3292095087
3015269535
3088377716
3082648132
3010765277
3072064849
3280118812
2396848877
3208105178
3255064873
3203082621
3077365771
2391071414
3257270014
3264063571
3013067813
3001067908
3295087220
2395499192
3079416767
3095854631
3208266628
2392568036
3240090533
3009271921
3078893115
2395328146
3271089857
2393472562
3078713293
3295089204
3092463263
3070221326
2394605934
3200220131
3004235165
3013746742
3085320675
3088086386
2391968113
3089987563
3002083501
3071074216
3010153034
3092028130
2395230915
3095091809
3084914816
3075705915
3229019071
3083119375
3246251914
3268020802
3091132926
3073535755
3284156243
2390930040
3082525752
3094049712
3013009179
3087780717
3092912866
3213149932
2391220643
3073012445
2396144053
3095433324
3014874894
3082697312
3015426380
3086347122
3070108215
3076068137
2393428931
3001226029
3099241721
3015606060
3088868331
3290047236
3201130431
3276175545
3288073077
3018238140
2391721654
3239197766
2393833233
3089246215
3259099216
3091263753
3007124758
3093161550
2397090365
3009310805
3217093228
3072300316
3239063960
3265033283
3015752937
3099754559
3094081512
3073769037
3004116949
3012112610
3098023666
2391490204
2395258824
3098687913
3085710306
3079839115
3297039945
3089379768
3078041170
3267087265
3261116927
3081714918
3082597710
3072202461
2396761471
3084911413
3003771416
3089193325
3276301338
3019025820
2399238007
3083435979
3211256714
3079950031
3082518077
3078106341
3084028694
3200246887
3075347845
3213042718
3013158921
3245099978
3004160551
3212107067
3074233404
3016038675
3096796384
3088050019
2391926535
3239143853
3076992563
3074722010
3007606780
3228375509
3074834471
2398664444
3270179353
3231250178
2397046867
3005694925
3070538818
3082289015
3096023999
2396793969
3018082000
3083552298
3236086639
2396526543
3288329389
3201487632
3080927934
3096513855
2392507936
2393203944
3279077431
3079923306
3013287239
3010683390
3070853736
3099836931
3000532859
2399043614
3013532364
3072722026
3007026960
3249126358
2397680711
3088065475
3213077052
3093010827
3269117331
3005279560
3091523106
2394080655
3014343169
3097528430
3089044679
3291134667
2394152884
3076312923
3008771869
3230219482
3000166813
3259044420
3098025273
3210197050
3079674505
3293104589
3200229883
3088834768
3200455360
3019652990
3087353608
3221059772
3071199423
3076789625
3099808335
3097378498
3248253489
3261008355
3071502265
3209014524
3201459498
3224206928
3298018804
3238327001
3218215609
3267041473
3098649322
2398789916
3010031936
2394340518
3092690018
3225174166
3097080119
3010563025
3239193591
3075636211
3091373826
3099087763
3235016311
3242020254
3289032899
3293298751
3255132435
3088327712
3264168542
3071254136
3086814224
3244071203
3256119083
2390243528
2395446819
3210328785
3072174331
3204013510
3217335323
3282079249
3250188495
3077566194
2396527218
3012470847
3095351864
3216107726
3014173486
3098484649
2392741397
3204012168
3085681220
3296050417
3089328569
3224149271
2391051986
3004607677
3234149104
3075611438
3093569733
3082093695
3201051363
3088594007
2393974997
3093894028
3015172886
3071381925
3003133080
2397482649
3251037226
3261111381
3219087965
3285151887
3013419058
3005140169
3078629157
3270224822
3019625249
3074144164
2391310170
3091864108
3085025287
3096722258
3234277572
3286089052
3004869281
3015296555
3083784576
3083047765
2392398992
3086287005
3224195251
3253228840
3014077125
3082706404
3223042814
2390800000
3291023504
3096619619
3285305598
2391222429
3240239287
2396985664
3208257480
3247106024
2392306516
3079626923
3082975432
3207357999
3000008067
3070443091
3229113227
3275168964
3019562501
3298064848
3080467259
3010781670
3259153724
3225370977
3261194715
3087416226
2395295962
2397402280
3211088452
3089398112
3005036060
2398291332
3092217579
3081022444
3075516689
2397031562
3073637430
2398038660
3001763733
2392852234
3094374704
2397080811
2396020219
3269209235
2392685684
3083999722
2394054785
3019857510
3096486889
2390379060
2398976114
3014133356
3070254818
2392916371
3080083578
2392979001
3098489239
2393274640
3019710147
2395059472
3082124912
3076211136
3089574814
3091281515
3094420920
2397604159
3076111037
2392743069
2396887242
3017198841
3081845310
2392189765
3077656826
2393217396
3085164849
3001045029
2391328041
3002117724
3014279385
3093555836
3080243113
2398882012
2393490259
3272019957
2391580074
3074942330
3075741015
2395210561
3075922862
3075446429
3291141822
2397276000
3091335810
3074713615
3016545883
3082431321
2391527400
2391431980
2399321682
2393605324
3070964355
3094640713
3010642705
2396274600
3079134822
2394448738
2398667541
3095412412
2392072898
3290128332
3090860985
3078702100
3088455418
3083494522
3075850358
3081223908
3238086544
3080209915
3089998647
3071333893
2396049477
3073700808
2398340652
3008382213
3085353184
3088379104
3297039035
3098631922
3249057619
3009814911
2394933581
2393653380
3248120969
2394541241
3074298702
3200500576
3089946129
3081469129
3236362391
2391527800
3215131672
2399536800
2395268879
2397836573
3271073044
3079904476
2398681140
3075339201
2395975152
2393125389
3073544829
2392817941
3076142445
2396535941
3090876149
2395511995
2393834421
3096252606
3070325639
3209223814
3073051899
2399525940
3091917218
3012558067
3006017330
3096611105
3088089462
3006140388
3083208149
3098288739
3098261518
2395748360
3226068719
3084296019
2392204754
3094868638
2397510306
3073831901
3077068200
3095031873
3265059746
2396309343
3016009397
2397597821
3255153634
2394533840
2398178663
3095433324
3208110746
3073394805
3089287235
3209408712
3015606060
3074729084
2392645424
2390238494
3079586427
2392239425
2391721654
2396524400
3006193802
3016040330
3098017902
2399029640
3204007836
3084079129
2390567281
3296130617
3084026018
3099071278
3082044561
3098239118
3223222738
3095131822
3017771689
3019658850
3004116949
2396690683
2392225231
2397527160
3209082762
2399122340
3008271007
2393616129
3284186606
3008384960
3092987391
3017135996
3279205839
2390111882
3080056834
2398530520
3090140429
3207073811
3089193325
3092913566
2390199681
3260189959
3089160530
2390882200
3259136223
3073757852
3008141016
3076517700
3070119804
3087156809
3076713455
3070545401
3073840998
3073854529
3008814929
3214099347
3279126400
3236147032
3019045705
3219121695
2399531340
3079752661
3091711379
2398772921
3081546277
3096947107
3213139010
2399427680
2395679442
3007764031
3076327829
2392789944
2394532280
2397383317
3078135566
3231147592
3237175705
3089355209
3246266595
3087058408
2398033604
2399043614
3097415564
3079896072
3014028661
3012050920
3090411713
3099523434
2391123313
3079767335
3230207098
3095566955
2399815881
3095912867
3242175130
2397187824
2391532001
3000367610
3092416002
3071422094
3016208202
3090344353
3089241921
2395885832
3098848648
3013679249
3266064819
3097355524
3078155957
3268082887
3249218057
3226223897
3091908133
3013480853
3071199423
3283188015
3071619287
3099462920
3088132951
3088904906
2397798420
2398154721
3293072033
3071106695
3235218344
3220422746
3225069954
3092413254
3086985426
2394340518
3241080894
3001943897
3010563025
2394640361
3084858826
3277278067
2398192502
2395922915
2397372840
3236293987
2397358720
3003249705
3244260187
3090844629
3015931710
3071616834
3264056415
3092140230
2391593363
3088753510
3073357120
3235226740
3087246606
3019628851
3081548835
3085496504
3070928169
3082427064
3016936756
3018662059
2394569740
3220294410
3089480410
3212289292
2390510880
3091236305
3084482714
3014397311
2396180804
3098235181
3096376115
3072417424
3224149271
3071121412
2391236674
2399092960
3073020776
3089331207
3298012606
3093925312
3224098802
3272319998
3213165336
3086803290
2394826780
2394351639
3080863631
2392630238
2398300672
3225202090
3079392702
3006044327
3080155790
2397859439
3241089914
2396787389
2390783051
3073741797
3017483323
3090233092
3250128158
2392211924
3083570393
3223204716
3094931804
3247216680
3011029844
3280055623
3084978248
3084746796
3096093142
3090249979
2390477815
2396311100
2391013869
2395451460
3208257480
3283180654
3236166850
2397141889
3013867624
